//(simulation time 10000000.007468)
//length of search table ( 1874 current length)
//corr=2.168224e+00
//ll=1610428399
A.SYSTEM SIZE
384.0000000 384.0000000 384.0000000
B.NUMBER OF ATOMS
256
C.TYPES OF ATOMS
//type,mass,ellastic radius,interaction radius
1 1.000000 4.000000 5.640000
2 1.000000 4.000000 5.640000
D.NON-ELASTIC COLLISIONS
//pair types, repulsive dist, interaction distance, energy
1 1 8.000000 11.280000 -1.000000 
E.ELASTIC COLLISIONS
//pair types, repulsive dist
2 1 8.000000
2 2 8.000000
F.LINKED PAIRS
//pair types, repulsive dist, attractive distance
1 1 8.000000 11.280000 
G.REACTIONS
//old1,old2,new1,new2,bond,radius energy
H.LIST OF ATOMS
//number, type, x, y, z, Vx, Vy, Vz
   1    1  171.5913586162143  177.5527111158020  187.5577474804520   -0.6891241984398   -0.3111311073243    0.0262575737743
   2    1  180.5222524461544  173.1057040055194  192.0970461523864   -0.2947687530657    0.4340504426225    0.2149783825831
   3    1  190.4397842554816  172.0666459056453  191.0681231260563   -0.5060926365061   -0.0714281616611    0.6805908573557
   4    1  184.9339362084371  170.8283828629084  184.2956789466404   -0.5128598375131   -0.2781859174607    0.6856919953345
   5    1  192.7869234561490  175.6624260861222  183.8111466844241    0.1613478487564    0.2040425144566   -0.3034488422400
   6    1  193.4956328427988  165.3864474942999  186.8339354734154    0.3901367611635   -0.2603794112609   -0.2285828996766
   7    1  185.1262502310435  165.3683624463852  193.5532557464174    0.1673554896174   -0.0609501294163   -0.7563322323864
   8    1  195.9174372813759  167.0531712893768  196.2190409116037    0.5486905634755    0.8760486974873    0.6519790338409
   9    1  204.0262089617232  165.5507702457261  189.1845005383171   -0.1709255608690    0.5832896003421    0.2018957363686
  10    1  198.8607505002028  172.9912826207484  188.9421467397354   -0.0052493219068    0.3342982118456   -0.3208872508999
  11    1  201.9367518851642  169.7599861223393  182.2320537771246    0.1677361763875    0.1387908508218   -0.0494126678405
  12    1  206.8847095186065  173.5905413946023  176.6417913510799   -0.3574666147944    0.5373075175894    0.6811361863488
  13    1  198.1912925976514  175.9576393688536  170.7202499508917   -0.9133901536858   -0.6670054591829   -0.1178545016745
  14    1  190.1563269678201  172.5923226873440  169.3354201064031    0.3775269413034    0.3334167419831   -0.0285934548866
  15    1  193.7761594913373  170.1897882912033  177.9831527861610    0.8981973472208    0.5260429140879    0.5533183894630
  16    1  191.4556358156249  180.4129841682517  174.3252833039032   -0.0636976945396   -0.2771185322149   -0.0985139333497
  17    1  186.7410853470521  184.8875483069152  182.4636163103890    0.4819801069110    0.1147394893842   -0.3150685948164
  18    1  190.4620821323995  188.5178268477682  175.6462014938575   -0.9549950365366    0.3711237421875   -0.5111070293437
  19    1  194.5859795700410  183.3022825270036  181.1717575641326   -0.3507488686393   -0.0973564967264   -0.5916594740164
  20    1  190.2661903575280  186.7023240547950  190.9033247906360   -0.2763409533745    0.5103539745095    0.1925993080590
  21    1  192.5895620823939  190.5252912486543  184.2552102389488   -0.3308477779102   -0.2049501727772   -0.3084405898522
  22    1  202.3053914966278  186.1900382959817  181.7823027321289    0.1899374124590    0.8159466047610   -0.5452642327891
  23    1  206.7736641606656  183.6544582417601  191.2655260603177    0.6144548972905   -0.6013694753679   -0.5030599689457
  24    1  196.2336281179053  181.0247752834676  188.7275886974412   -0.5781809858538    0.0659253877157   -0.5059839894575
  25    1  197.1407384328090  186.3622699166258  196.4444384245155   -0.2855617141711   -0.1112518342163   -0.3105723312756
  26    1  189.5414576158732  194.0898689996430  194.2001331233164    0.2880479875017    0.2489251107001   -0.6587782042108
  27    1  191.3406511895544  201.0937187097643  187.4767645932363   -0.3595902620165    0.7637142759659    0.3156612660874
  28    1  195.9830575281961  205.1776225045277  178.3254547573087    0.0666298219661   -0.4717592656752    0.2314879815415
  29    1  193.1546836887773  197.7870361383819  180.2725650011001   -0.2412142334899   -0.4456112595452   -0.7171083395106
  30    1  185.8452079864331  195.0657295125450  172.1266039886675   -1.0036197213158    0.6936915798600   -0.0362765399374
  31    1  185.7388201664220  201.0568854380968  177.8567530814882    0.4493140055294   -0.3666823994153    0.3816128159704
  32    1  185.9629591462181  195.0896332974331  186.2710645740590    0.2958235328720    0.1447716129037   -0.1140453039491
  33    1  183.5196633737267  200.3533646058657  192.0659814247004    0.4112291928669   -0.7908981130251    0.4019272758648
  34    1  182.6121436279832  203.9117379806395  184.9091689927498   -0.4320489099492    0.1206295128185   -0.4415229863371
  35    1  186.6593052067765  208.4238074551100  190.5699515751541   -0.0983625145680    0.3252614369638   -0.1197719594192
  36    1  194.8088943888331  209.6358579264691  191.5037339861676    0.4697522393172    0.6985600886154    0.2065758230651
  37    1  190.5235193227050  216.5479344993786  188.7978514463136   -0.1909244556926   -0.0462911169245    0.0407571612098
  38    1  189.5389570698485  207.7005939254792  182.4582449708260   -0.5534224189754    0.1425054988805    0.1099558050162
  39    1  185.2725513377125  216.4220275032361  179.6674487540118    0.6407354357042   -0.2528703000280    0.3896908941250
  40    1  195.2050751009451  213.7584212438695  182.0887322202123    0.0718173407813   -0.2893127106695    0.1510349597069
  41    1  204.2377261459963  210.6416001021582  176.1634275841215   -0.2941734898368   -0.1245250665128    0.2656082533442
  42    1  204.3143473646881  211.0995952257436  186.6675187068971   -0.4362283411466    0.1295331270711    1.0172019770435
  43    1  205.8307088051156  203.8610104718499  182.2304544642328    0.7258282273245    0.1309482878592    0.3893783144487
  44    1  198.6037372184264  204.4146877657839  186.4120095637968    0.3899600400690   -0.0798226927388    0.4571634863146
  45    1  200.6930077809555  197.2397342780970  183.1901996888010   -0.1233215276415   -0.0356182976822    0.7808200365436
  46    1  200.3691733047651  188.2547333476829  189.3721199628748    0.1980948805837   -0.0712741537961    0.0590665475120
  47    1  207.1451878811295  194.2603358708722  187.6870027557573    0.5353486945098   -0.7620986590557    0.2255393468774
  48    1  205.2369320283016  193.8417423706278  195.7526556436102   -0.2351391498139   -0.1162566449583    0.2053361683697
  49    1  201.1098961427631  201.3122930401977  193.6084214462501   -0.7687816849772    1.0075137034268   -0.3352244594766
  50    1  196.4519290632988  195.2244612690276  189.7872359502311    0.2125268752039   -0.3190855085243   -0.2579972953333
  51    1  193.4357616576681  202.2119659140592  195.8573945011758    0.8005920379792   -0.4810404079615   -0.2006666575615
  52    1  197.4748142472125  194.6241996316894  197.9280682088819   -0.1078554873549   -0.5218835745174    0.0017749299654
  53    1  199.9262692891039  190.0791203822179  204.2361774156457   -0.2719028848939    0.9368933448890   -0.3878708955649
  54    1  202.3217300021354  179.4211164420457  203.5565833486592   -0.3611457760737   -0.5797971352313   -0.1097916321292
  55    1  204.7221744233263  186.2368690715765  199.0936400659913    0.3142823002409    0.7786490471684   -0.1759122280857
  56    1  204.1083211447155  185.0694726964529  209.1734322865887   -0.2756089532124   -0.3557310139178    0.1553340387365
  57    1  210.3866079778194  187.2171090265810  213.9375748597153   -0.0192288207778   -0.0313386151248   -0.2214516492241
  58    1  203.8504802193018  193.0815215007727  211.0348645590443   -0.1801022737320    0.5488701633824    0.2870870847845
  59    1  198.1187217484238  195.1285725416460  218.2717451721728   -0.6211174099567    0.7795161014416    0.3787570140965
  60    1  187.4284756544537  191.9390028639573  218.4452899419106   -0.8086686507404    0.5621590663220   -0.4172681556950
  61    1  183.2077074939093  182.5869131814525  219.5454733691841    0.2243232654822    0.2421724994613    0.2559520679707
  62    1  189.4819557658211  178.5643817820733  213.6539393553324    1.0396680249255    0.0761936260420    0.8236337875356
  63    1  182.7897275574264  172.4812707757484  208.1666958114747    0.4135674277133   -0.4687448079088    0.2534467623625
  64    1  185.7098090863087  175.4380734160069  198.1527385886413    0.8943242900310    0.3564507826719    0.0885954317124
  65    1  179.0633548284468  178.1415872130870  201.9783626628421   -0.0172699941607    0.2373606899471    0.1915686329471
  66    1  181.1002764676829  179.0803616995395  212.5075196998712   -0.8712032440307   -0.3273272255964   -0.2946296686824
  67    1  172.7625402211466  176.5574380860365  206.7232978305760   -0.3849828787336    0.6269980244489    0.1352547694649
  68    1  175.0546404319248  185.1042895586445  207.9669629466659   -0.0686649520568   -0.4202537012548    0.0388596439534
  69    1  183.3797002509031  191.3670977533587  203.7057563287895    0.2081248343751   -0.0606433851121    1.1327756733273
  70    1  186.3784949746671  184.0876775269141  197.7454948419623    0.5669722343981   -0.1474010316695   -0.0551387798634
  71    1  183.9557675893003  183.2012135113361  205.7917435252560   -0.6872315303961    0.0096930034623    0.1906746875039
  72    1  179.0978341497573  189.7298736520788  213.3500554216347    0.5087861927247    0.0884250280675   -0.0212117363488
  73    1  177.1336030788540  194.9101639788832  207.3828762305937    0.1478063581742    0.5060906067164   -0.3556470457927
  74    1  172.5655273598212  201.3725417789488  208.8549741803878    0.5339012580738    0.0109017819373    0.2210960471090
  75    1  177.6715725682740  204.2270085838579  202.5241806745497   -0.6393762864034   -0.0806019973128    0.5644567649787
  76    1  175.2619000588413  212.9997000923142  200.1529771702373    0.1131746937703   -0.8346677027569   -0.3158311883220
  77    1  183.8761793410448  211.5942303609883  203.9470966616844   -0.1643986406750    0.0230201438326   -0.1432289236935
  78    1  177.1819005347315  209.9615939834765  208.7118761596505    0.3595666670560   -0.3254046029847    0.0175165995313
  79    1  185.6369086003597  207.5489901920102  212.6330387405867    0.0378968457237    0.4134187818169    0.0635425726196
  80    1  182.7753199425091  201.1116782820750  207.8766958905417    0.5992794515288   -0.2471954336126    0.2234834592589
  81    1  191.2272417060006  200.2888028764039  214.6248212019308   -0.5260840246181   -0.5967822695331   -0.6602813892989
  82    1  181.2046050096168  198.0429483654005  215.1060781938756    0.6298567899179   -0.7084514857120   -0.4231740756942
  83    1  188.1210948438990  194.6925316467915  209.2551812823816    0.6154760434631    0.6037852321285   -0.4129586556429
  84    1  190.0751228225493  205.1800688160346  206.1359994220957   -0.3450138672991    0.2126348896467    0.2812373245767
  85    1  196.4275174604340  205.8606110965777  211.1171106443870   -0.0633429646397   -0.0584636859434    0.3064801530980
  86    1  193.4102086489430  212.6117341640139  207.2559345041907   -0.7587583426654    0.6018041014650   -0.1470892713919
  87    1  196.8754582486997  207.0118859100386  201.4844318733102   -1.2256699515957   -0.6973093241247    0.1063731044436
  88    1  202.0928136250783  209.2512027571576  195.6070429395303    0.4885153071913   -0.4588591698741   -0.1805409576876
  89    1  192.1489653198298  212.8335720217560  198.3909801357137   -0.2024547350162   -0.4651785085622    0.7891181524415
  90    1  198.2481949351218  217.5406423242923  191.6134151783184   -0.3998368511173    0.1403630187366   -0.1291689184722
  91    1  201.4449883292349  214.9235795412639  201.3817021189447   -0.7302597914377    0.0324840576639    0.2432831531440
  92    1  208.0781325960853  215.2410379282323  193.3484426097342   -0.6158894493349   -0.2716542788152    0.2282635520901
  93    1  209.4423206993339  214.2376642947076  201.1732177269887    0.3580489998750    0.5761496924932   -0.0867739178782
  94    1  203.3102157660144  207.8092445602182  206.6014847708215   -0.4215168785764    0.8886764813095   -0.6633475342047
  95    1  198.1473571658884  198.4593791470497  208.4548291257451    0.0793467984309    0.0772558050767   -0.4402293439555
  96    1  206.0714199013042  200.5754249563406  209.1887437042877   -0.2201155004767    0.1089250964039   -0.2632166360053
  97    1  210.7583772713719  204.8729071298690  214.0867217758710    0.4847112204403    0.3006612185772    0.7408412919972
  98    1  201.7001595728816  202.5947210787821  216.1832731479843   -0.0587842517199   -0.7368920144971    0.4543199805193
  99    1  208.2119639047523  196.6036739920715  219.4471353784118    0.2605081821273    0.2125556925445    0.1813596054206
 100    1  213.2927921096903  194.7233310229135  212.0269862676865   -0.4754143532629   -0.1341169534055   -0.5962591071305
 101    1  217.8940746119423  203.8932113064124  210.4380099439857    0.9371080296307   -0.7914464767802    0.4318874452955
 102    1  217.2824886654408  207.1021544518893  199.9065541270921    0.5827834330310    0.0169738089174    0.0209752177439
 103    1  212.8125019111631  207.6823082245993  193.1800551382684    0.3697057822063   -0.6253969327278   -0.3430893320606
 104    1  220.1936255779792  200.7733597356748  195.9292044076432   -0.0696418669169   -0.6708224411128    0.4218722549043
 105    1  220.9075236644997  197.5238516931413  204.5465002821765   -0.6861299631616    0.3300541314331    0.4565463139859
 106    1  218.4167992100821  188.1071673053681  206.8220357706464   -0.0105349389981    0.4736907462503    0.0531807299081
 107    1  214.7671261127148  192.8519960631182  201.3993386061857   -0.4863612489381   -0.5047625030145    0.9031764559028
 108    1  207.1147894571886  194.1950621670313  203.5628859867346   -0.4238275374245    0.2083894912300   -0.2654700022256
 109    1  210.5889570129623  186.9460282199167  204.8212478274576    0.5743050325310   -1.0074369634206   -0.8732163832551
 110    1  211.5739926229610  188.6241439501731  195.3526346999283   -0.1144315333733   -0.1820761647031   -0.2299730743026
 111    1  211.2002487180865  199.1375806322342  196.7034231162092   -0.0057417003143    0.1384154701216    0.7349038432408
 112    1  208.1853623372914  201.9865164809697  189.7908923567018    0.4961590459816   -0.6173360080177    0.1962193383408
 113    1  208.0412011796245  206.3357148494416  200.1541328829095    0.5360976465748    1.0292402547689   -0.6626099091376
 114    1  212.7770805527993  208.9326465312113  206.8348539569304    0.0466143336300    0.0107668982020   -0.2342772120598
 115    1  213.0873807540113  200.7528821714495  204.3858715361568   -0.1288717115487    0.7375246054266   -0.0045204442133
 116    1  202.2104709526577  200.3925186138471  201.7914123911430   -0.1993850561316   -0.0402244164219   -0.4799258376915
 117    1  191.9999999999512  197.8090890237510  202.8912360397999    0.6163271372784    0.4854747555881    0.2344704447368
 118    1  186.9126539171862  206.2304638609773  198.7557426075425   -0.0996145232281    0.3201427822849   -0.1461595777519
 119    1  184.4796991540400  198.6029471441697  199.8435834884195    0.1471697911794   -0.4387340868510    0.1867610805524
 120    1  190.8567678082392  189.9516264881345  201.2111176162874    0.1204442270579    0.2516038949398    0.3465261695070
 121    1  188.8593536428833  186.3903551647045  211.3528729437536   -0.1316989168845    0.0354804867510    0.3992166741371
 122    1  195.3929221723107  191.4026030028520  211.4142081160791    0.2477770596432   -0.1684802795632   -0.2511440067445
 123    1  194.9489785415006  183.3415312195343  203.6196729288037    0.1709135788096   -0.0758165973966   -0.2321947196252
 124    1  201.2396674295992  179.3485971643686  195.3905969499640   -0.5777739167133    0.0843943757164    0.4700088905287
 125    1  193.4438924241680  178.0362102878840  196.7988429892513   -0.3757875418725    0.6758211813076    0.1951390980673
 126    1  189.3076043985924  168.6215471131475  201.1997733809489   -0.0168330304574   -0.4375377844307    0.1447493970295
 127    1  189.3842816791610  177.2942725852268  205.5318267055707    0.6312582931277   -0.9948788772864   -0.2360472127942
 128    1  198.2618230899508  175.4794421479050  209.3746129803301    0.7245831228250    0.4305441055634   -0.4442839655575
 129    1  196.2705658569257  183.1446504166184  211.7698840237677    0.5071478051745   -0.4053121790348   -0.1725495903640
 130    1  194.0335040644434  184.8577032000329  219.5331975181589   -0.0902098185381   -0.0855186376194   -0.4681290395495
 131    1  198.0922917767656  176.8781470514845  217.4907546046234   -0.3300160221936   -0.4480921706817   -0.5076251565799
 132    1  202.8630722215834  187.0802071020434  217.3950394489195   -0.3342598210813   -0.9175505776341    0.3908036733393
 133    1  205.5017945681876  177.7097489951667  213.1656621130595    0.1325323875284    0.8178358800522   -0.4614988885167
 134    1  201.1936108758442  167.8212113769099  213.0620702862578   -0.0897854228457   -0.0157065391682    0.0922840942929
 135    1  191.3096154403296  169.3336934782880  210.0788087362154    0.9599012024667    0.5859848631543   -0.4812850460873
 136    1  198.3572169456256  164.1198550749164  203.5712574197272   -0.4461685408512    0.2449112226756    0.0698900190890
 137    1  197.2285690021757  172.4901525541838  201.9956140288136   -0.4517511443780   -0.2058562627745   -0.3008430346222
 138    1  205.3176627218470  169.3856097730550  197.3630346943488    0.8938430137979   -0.4086061415914    0.2834305746499
 139    1  214.8494208636503  172.9382299532202  198.7579701255907   -0.4160076177165    0.1027014117522    0.2473484051773
 140    1  209.3862175772370  179.0997050110321  199.3643899793491   -0.3065155573157    0.2835359900171   -0.6128414486734
 141    1  206.9601025704061  170.7253760799677  206.2110919718748   -0.1630570267022    0.4324149996158   -0.5823656937160
 142    1  212.0587095707542  179.1686819286579  207.5596922198272    1.1394628478924    0.4011428753909   -0.8279624602744
 143    1  218.3241992068145  183.0534819782511  199.2933556738428    0.3513107384410   -0.4496977471455    0.2110200564307
 144    1  222.5125046552012  189.8844978353755  196.5757388212452    0.1893649489136    0.0493122954307    0.4846130384036
 145    1  217.1714558761575  186.3018837125721  189.0707168943870   -1.0542423001040    0.1216757960416   -0.1827845408608
 146    1  221.7440776670797  177.3894873409313  191.3495172428673   -0.4233650067973    0.1934742809571    0.1710810452668
 147    1  213.6548192591352  178.9229870501472  190.1262514351073    0.6173376542152   -0.9863271450230    0.2554164580180
 148    1  211.3440054461653  179.4888389825594  182.2785847317041   -0.5568285848950    0.1643365009613    0.3598353761119
 149    1  219.6262893846599  173.6251405780361  182.3327478482327   -0.4316525298102   -0.7007150840565    0.1727898874686
 150    1  219.0418026903725  181.7842775940995  182.0315180529648    0.0481261779883    0.2803646153060   -0.1775505887063
 151    1  214.3561048334341  185.9715101625176  174.4227795282363   -1.1684963119909    0.3261675473917   -0.0477177065165
 152    1  215.5753881737274  195.3598252487245  173.3989100462264   -0.1680573490571   -0.0890619167783    0.4423522149046
 153    1  223.2051472329978  190.7579076006159  176.6488251854243   -0.2119012668913    0.1294475588707   -0.1506200835982
 154    1  225.1773478939576  186.5145885565352  186.5362264815448    0.0415276339389   -0.0674060987321    0.2697430198878
 155    1  222.8511872420829  194.8230116630423  186.8149934240066    0.8474695298990   -0.5579039940202    0.0149581102569
 156    1  218.8345980199424  200.5881557900092  178.8180695461014   -0.1034882881191    0.1997626094135   -0.2908141309603
 157    1  216.4664786643097  191.3216354759958  182.1394430215844    0.7167477895085    0.3447617055253    0.0525103113633
 158    1  208.0676187294953  191.2044373351703  177.5072154745079    0.9309761299610   -0.6044382394776   -0.2228075210739
 159    1  207.4809641030216  197.4599542613604  170.6080273022797   -0.5450487860285    0.2694794341784    0.4981201193365
 160    1  211.8054896234509  203.3308714084454  174.2169231362381   -0.5497232554588    0.1858015987799   -0.3642288867352
 161    1  212.7081132105779  208.1165810827724  182.8057262337225    0.2259464605523   -0.2068366081821    0.3559383336046
 162    1  215.5369461660958  201.4542303474758  186.6644649827690    0.2762324929536   -0.3571964077188   -0.0529933312529
 163    1  214.5415826961236  194.6601492373080  190.9532830597461    0.0506975053950   -0.1100210892758   -0.5120007018813
 164    1  211.4686572661302  197.6919498374368  180.7862699012688    0.5283690587603   -0.8572748104820    0.3368927357512
 165    1  209.9374027921078  187.2107105465692  184.2964613766407    0.7424317254597   -0.0802712814421   -0.6129923975661
 166    1  206.0281543220303  182.1549711299992  175.6803837900857   -0.5615487383016   -0.0951395546720    0.1870357737717
 167    1  198.8589627743395  176.8952362406025  178.7162666600000   -0.3349344657383   -0.1993118527725   -0.3243409305373
 168    1  203.3392583896504  178.8339515554285  185.6175007933456   -0.7386421307770   -0.0652157791037   -0.5693144312579
 169    1  206.9094255505655  174.1162246076232  191.0775214555513    0.1250060051759   -0.1628999550835   -0.2036923497203
 170    1  214.0422357694854  169.2166775089120  190.8605063931778   -0.2333595510906   -0.4557894207595    0.3022069857312
 171    1  210.8419630518796  171.2191642211038  183.5533654047535    0.3987139252279    0.3160500804285   -0.5111745174286
 172    1  214.6174641227311  175.4985138566772  175.3516530903573    0.0568300896212   -0.1592404001662    0.3903688875778
 173    1  208.0308473984374  180.4819802836917  168.0782018081443    0.6182585050194   -0.3966820348983   -0.0670342974618
 174    1  208.1247636109108  189.2037846911614  169.3082122220955    0.1852316952815    0.2931487767921    0.9394592667049
 175    1  199.8673242593970  191.4671647028591  175.9139064736679    0.1077896713111    0.8765060633141    0.4290776522404
 176    1  194.2209128831165  196.9395797181423  172.0311021197372   -0.2136190279961    0.4365291901888   -0.7380395633128
 177    1  202.0084428069595  200.1648959934096  175.8204725204766    0.3096427325074   -0.0161594007271    0.1855158459623
 178    1  198.9424243278363  204.4340162655094  168.7798299143029    0.5827932965705    0.5467706400707    0.4403849299948
 179    1  200.0580700262338  194.2610764943260  166.6376880970940   -0.2201197402563    0.0594262309213   -0.0794415478059
 180    1  199.0917482482462  184.2889714240409  171.5778369328081    0.5244577599330    0.4376201026122    0.2679738351642
 181    1  190.5347626316442  180.7130785967729  166.0086989090203    0.1692978584217   -0.7132337607119   -0.6607412585891
 182    1  192.3003920614806  189.5579052016697  167.7837859723743   -0.3120299848509   -0.5921478812533    0.5590574261679
 183    1  186.2005894866550  189.6318704618703  162.4432906059180    0.2277540566422    0.0663641108721    0.3229261927973
 184    1  190.6405989301157  197.9809044374776  164.8155118478882    0.2928616485360    0.4751683606303    0.4487334002726
 185    1  180.1141600585215  195.8317719637283  165.9513391838113    0.2193174525411   -0.2424806652991   -0.7019847476558
 186    1  182.7743561503985  204.1142517424878  169.5047245313782   -0.3642586413356   -0.2049629827744   -0.9667944576737
 187    1  187.2274533109377  214.4744838253460  169.3138425437034    0.5676931919096    0.2056626615306   -0.6722094583139
 188    1  190.7122737632492  204.5439250956156  172.3389728073750    0.4800634118844    0.1284932897161   -0.5068737874089
 189    1  193.4701328049314  212.4094213861487  174.1639434858622   -0.0705720929866    0.4903483928805   -0.3191275918283
 190    1  183.8676347187713  208.8451103173356  176.7965052050240   -0.0292434847479   -0.5149446740902   -0.1529136477316
 191    1  176.5314690209994  206.8434562990132  179.4478713200675   -0.1581688321423   -0.6232334981004    0.4810161467504
 192    1  177.8213878551032  199.8292863194487  175.6301110084167   -0.1254073407357    0.1299201391885    0.6313201519672
 193    1  178.2645395783000  196.5424861448086  183.4769620768231   -0.3853237063616    0.1995334651509   -0.3129235807524
 194    1  176.4090893500397  185.6991766388460  182.8106612202513   -0.6258890486161   -0.4333860312156   -0.1441512885424
 195    1  183.6473089411497  191.8720032068885  179.2744150573791   -0.1516057703843   -0.5462117249404    0.2962652976829
 196    1  181.1171716684208  182.9174814591845  176.9561603467149    0.3909845007934    0.4191537925981   -0.8255753659127
 197    1  183.7620634583195  186.5098756561859  169.8114711568921   -0.5427538005148   -0.2779436104753    0.3455533598489
 198    1  176.7757994904398  186.4073521695905  164.2090201817192   -0.2093031971885   -0.3068336463752   -0.0105764492835
 199    1  182.5544784485608  178.5909599294062  169.7597679556060   -0.4777288851009    0.3357542839711   -0.0213970702074
 200    1  185.8375518387366  176.6509822515772  178.7454066480330    0.6789385082455    0.4035831913677    0.1595720092935
 201    1  187.5767399369894  179.4111908017472  188.7678922328348   -0.2769676211785   -0.3259411574183    0.1135219958171
 202    1  182.5480128212908  188.0253546725256  188.6376412637047    0.3516138012901   -0.0601108568254    0.8186452841946
 203    1  181.6024072745577  191.8506255308783  195.6843052556290    0.1984220252895   -0.0602318082283   -0.4760225303407
 204    1  176.4941531718523  186.9001819894236  199.7845412980641    0.0904527704234    0.2998463839755    0.5765878290818
 205    1  176.6306867907626  196.8298099923293  199.5692404890306   -0.5581970049673    0.1167831527382    0.6546419429758
 206    1  179.4983930413522  206.7183357221235  195.0683738982840   -0.7398372421044    0.3651566064200    0.0744118007538
 207    1  181.7169805169154  214.5373774831056  194.6754550777217   -0.6965325477271   -0.2771424301574   -0.0398039544566
 208    1  181.6950760760987  213.6340665083786  186.6242584920766    0.3201822612343    0.1023928123048   -0.1319674867499
 209    1  176.0972328005212  207.8500729599454  187.8357439701800   -0.3521476481903    0.2626609256527    0.0192079932271
 210    1  175.0650285901433  200.2292552962416  192.4141808506843    0.6161298929020   -0.2487222905662   -0.3404463872792
 211    1  175.8472600922070  192.4705948242097  190.0527700105963    0.6054127083266   -0.2060093557669    0.2656333349168
 212    1  178.7842308240670  182.2586031362487  193.1863372658738   -0.0113953369468   -0.2203741481995    0.1143200099709
 213    1  179.4481478589686  178.8923970050969  185.7760801081376    0.6867587850755   -0.4930292211559   -0.0436951380072
 214    1  176.9552412949697  175.1752569329661  178.8614870733564   -0.2430716564494    0.4084527921621   -0.3795443563479
 215    1  170.7018880772155  180.7992492735985  179.3374708057918   -0.6693248416163    0.0168489396248    0.8219822202476
 216    1  171.7375380066673  191.7857270845859  180.1688813362495    0.5718156228218    0.1630164006975    0.4857210712961
 217    1  166.2379050563479  189.4971997795702  174.7334153505938   -0.7376030221414    0.0983603040879   -0.4704538635644
 218    1  174.1478602217272  183.9800449731214  172.4927670346620    0.6983220159547   -0.6264737732860   -1.1528834957659
 219    1  177.1820040224020  191.4294028867051  174.1678516577313   -0.4436857918985    0.6632519052726    0.1830921688452
 220    1  169.6046911600039  199.0672282304685  177.2329125635806    0.3224019650962    0.4172390482340   -0.1001499688577
 221    1  161.6375411905307  192.9874724049589  180.9552726070517   -0.5928162755373   -0.2142032070649   -0.3633534543561
 222    1  165.9209981180037  186.1853507158912  183.0961939114355   -0.1338369441537    0.0507268578026    0.8170077305713
 223    1  164.7677748081430  182.1863742636785  192.2349469685763    0.0311746641688    0.2298128404640   -0.0587308719320
 224    1  161.3618802979431  190.3482002913623  189.9449682566774    0.0399163903326    0.2737135958575   -0.0722118829569
 225    1  158.6991791572174  198.6954765472651  189.4070055519491    0.4991593347155    0.2229708613478   -0.0411957357123
 226    1  161.3614395670383  195.3510139167302  199.0604932421353   -0.2947012082981   -0.4206378276919   -0.5676997411207
 227    1  161.4776423609989  186.2681455504764  200.4505718822742   -0.1206591873662   -0.8138188555984   -0.5945451699973
 228    1  170.5598589163591  190.9875640615880  196.0349153448949    0.2387636827820   -0.2030151948824   -0.5661215527523
 229    1  169.3897512109498  183.2203155669411  199.2254714573387   -0.2178130485362    0.5567663967419   -0.0401111571002
 230    1  166.2815689709957  185.0436741085845  209.8294640644954    0.4779223622767   -0.2217659716825    0.5996723857312
 231    1  173.0389870785889  183.5041852369532  215.5705202957377   -0.1499117349765    0.1123445940792   -0.2599859618893
 232    1  171.3559920746334  193.5678464223928  213.6318069078200   -0.8935648739177    0.2421996031947    0.2308006369904
 233    1  164.4014556011041  200.3460323551816  208.1609816052251    0.1144581265717    0.4942725356982    0.0597704698924
 234    1  169.9212983123913  191.1584198270716  204.6896316420059    0.4988020623782   -0.1361469624238    0.2863227568229
 235    1  162.7322368274382  192.5008778102274  208.1073993287260    0.1583982927709   -0.4417864243813    0.2504534565260
 236    1  169.0781784479794  198.7924216658763  201.5101477097016    0.3978251228573   -0.1662281430338    0.2359893170402
 237    1  162.2415202165775  203.4164013620133  198.3283995011371   -0.2108195481230   -0.0512778877629   -0.3089774934091
 238    1  167.1260177768545  197.8425411992249  193.6932691745628   -0.0628969686978    0.5116819423502    0.0254589396064
 239    1  171.2687856979680  206.0086453798037  196.6362327954555    0.1072506576475    0.2573395851045    0.0325807255243
 240    1  168.0111096190690  207.3264551743748  204.4350901565776    0.1429528183235    0.2217599291871    0.5043026747052
 241    1  165.4022752922270  211.7440775229765  195.3484788796855    0.4883482880303   -0.3621348676373    0.4700850647588
 242    1  166.4937977541606  205.5326957538210  190.2224501656796   -0.3077117872597    0.3682157208162   -0.2281874893588
 243    1  163.6537181921800  202.5126749935210  183.0734597378915   -0.6782551274059    0.0031122717939   -0.2840539084043
 244    1  162.3241783820338  199.3444495979842  172.9167733444229   -0.8244857609711   -0.0820446453782    0.2338635752507
 245    1  170.7213884621383  194.0985689365225  169.7034995238968   -0.1302703850487    0.4436454175734   -0.0605625043569
 246    1  171.6858225874846  202.5205351342808  169.1187945910193    0.4593410999850    0.1104044570992   -0.3588163977734
 247    1  169.3650550317843  207.2012045716093  175.6256468012224    0.0692047355509   -0.3721580884758   -0.1067489349253
 248    1  177.2473458023773  209.7425359002413  171.0235513918109    0.3130035210472   -1.2348442576784    0.1021927292903
 249    1  175.3207869921357  214.8729412034164  180.7004972011208    0.6322642079104   -0.2255962925338   -0.5768882710276
 250    1  172.6457647101012  214.1069943610265  191.5628308473367    0.6071565762301   -0.1489574378823   -0.0116074503809
 251    1  168.6920347654954  212.4680976910243  184.6760205852424   -0.2059861627003    0.8592101634015   -0.5548835762106
 252    1  171.9575675314950  201.7379348143307  184.5615205738251    0.0071456928359   -0.4111835160093   -0.5871245240068
 253    1  167.6543907475850  195.1813884812861  186.1524914598993   -0.3016397056814   -0.5540103787013    0.1712195342982
 254    1  171.6065328780668  185.5217156514433  189.3526388039438   -0.5240073358116    0.1229848884276    0.6816071009063
 255    1  173.3484238581975  177.0191319860364  196.0589470802944   -0.2259086570109    0.9774382995844   -0.2251621554692
 256    1  178.0888576690210  168.8283460187423  201.2713483904678    0.5626331095050   -0.5424335324612    0.1073865306770
I.LIST OF BONDS
//number1,number2
   1    2
   2    3
   3    4
   4    5
   5    6
   6    7
   7    8
   8    9
   9   10
  10   11
  11   12
  12   13
  13   14
  14   15
  15   16
  16   17
  17   18
  18   19
  19   20
  20   21
  21   22
  22   23
  23   24
  24   25
  25   26
  26   27
  27   28
  28   29
  29   30
  30   31
  31   32
  32   33
  33   34
  34   35
  35   36
  36   37
  37   38
  38   39
  39   40
  40   41
  41   42
  42   43
  43   44
  44   45
  45   46
  46   47
  47   48
  48   49
  49   50
  50   51
  51   52
  52   53
  53   54
  54   55
  55   56
  56   57
  57   58
  58   59
  59   60
  60   61
  61   62
  62   63
  63   64
  64   65
  65   66
  66   67
  67   68
  68   69
  69   70
  70   71
  71   72
  72   73
  73   74
  74   75
  75   76
  76   77
  77   78
  78   79
  79   80
  80   81
  81   82
  82   83
  83   84
  84   85
  85   86
  86   87
  87   88
  88   89
  89   90
  90   91
  91   92
  92   93
  93   94
  94   95
  95   96
  96   97
  97   98
  98   99
  99  100
 100  101
 101  102
 102  103
 103  104
 104  105
 105  106
 106  107
 107  108
 108  109
 109  110
 110  111
 111  112
 112  113
 113  114
 114  115
 115  116
 116  117
 117  118
 118  119
 119  120
 120  121
 121  122
 122  123
 123  124
 124  125
 125  126
 126  127
 127  128
 128  129
 129  130
 130  131
 131  132
 132  133
 133  134
 134  135
 135  136
 136  137
 137  138
 138  139
 139  140
 140  141
 141  142
 142  143
 143  144
 144  145
 145  146
 146  147
 147  148
 148  149
 149  150
 150  151
 151  152
 152  153
 153  154
 154  155
 155  156
 156  157
 157  158
 158  159
 159  160
 160  161
 161  162
 162  163
 163  164
 164  165
 165  166
 166  167
 167  168
 168  169
 169  170
 170  171
 171  172
 172  173
 173  174
 174  175
 175  176
 176  177
 177  178
 178  179
 179  180
 180  181
 181  182
 182  183
 183  184
 184  185
 185  186
 186  187
 187  188
 188  189
 189  190
 190  191
 191  192
 192  193
 193  194
 194  195
 195  196
 196  197
 197  198
 198  199
 199  200
 200  201
 201  202
 202  203
 203  204
 204  205
 205  206
 206  207
 207  208
 208  209
 209  210
 210  211
 211  212
 212  213
 213  214
 214  215
 215  216
 216  217
 217  218
 218  219
 219  220
 220  221
 221  222
 222  223
 223  224
 224  225
 225  226
 226  227
 227  228
 228  229
 229  230
 230  231
 231  232
 232  233
 233  234
 234  235
 235  236
 236  237
 237  238
 238  239
 239  240
 240  241
 241  242
 242  243
 243  244
 244  245
 245  246
 246  247
 247  248
 248  249
 249  250
 250  251
 251  252
 252  253
 253  254
 254  255
 255  256
