A.SYSTEM SIZE
 400 400 400
B.NUMBER OF ATOMS
60 
C.TYPES OF ATOMS
//mass, ellastic radius, interaction radius, type
 1  1.000000 4.900000 9.750000
 2  1.000000 4.900000 9.750000
 3  1.000000 4.900000 9.750000
 4  1.000000 4.900000 9.750000
D.NON-ELASTIC COLLISIONS
1 1 9.800000 15.00000 -1.000000
1 2 9.800000 15.00000 -1.000000
1 3 9.800000 15.00000 -1.000000
1 4 9.800000 15.00000 -1.000000
2 2 9.800000 15.00000 -1.000000
2 3 9.800000 15.00000 -1.000000
2 4 9.800000 15.00000 -1.000000
3 3 9.800000 15.00000 -1.000000
3 4 9.800000 15.00000 -1.000000
4 4 9.800000 15.00000 -1.000000
E.ELASTIC COLLISIONS 
F.LINKED PAIRS
1 2 9.800000 10.200000
2 3 9.800000 10.200000
3 4 9.800000 10.200000
4 1 9.800000 10.200000
1  3   13.8 14.5
2  4   13.8 14.5
G.REACTIONS
H.LIST OF ATOMS
//x, y, z, Vx, Vy, Vz, type, no of linked atom, number
    1     1    100.00000   90.00000 210.00000  -1.000000  -1.000000  0.000000
    2     2    100.00000  100.00000 210.00000  1.000000  1.000000  0.000000
    3     3    110.00000  100.00000 210.00001  0.000000  0.000000  0.000000
    4     4    110.00000  110.00000 210.00000  0.000000  0.000000  0.000000
    5     1       120.00000  110.00000 210.00000  0.000000  0.000000  0.000000
    6     2       120.00000  120.00000 210.00000  0.000000  0.000000  0.000000
    7     3       130.00000  120.00000 210.00000  0.000000  0.000000  0.000000
    8     4       130.00000  130.00000 210.00000  0.000000  0.000000  0.000000
    9     1       140.00000  130.00000 210.00000  0.000000  0.000000  0.000000
   10     2       140.00000  140.00000 210.00000  0.000000  0.000000  0.000000
   11     3       150.00000  140.00000 210.00000  0.000000  0.000000  0.000000
   12     4       150.00000  150.00000 210.00000  0.000000  0.000000  0.000000
   13     1      160.00000  150.00000 210.00000  0.000000  0.000000  0.000000
   14     2      160.00000  160.00000 210.00000  0.000000  0.000000  0.000000
   15     3      170.00000  160.00000 210.00000  0.000000  0.000000  0.000000
   16     4      170.00000  170.00000 210.00000  0.000000  0.000000  0.000000
   17     1    180.00000  170.00000 210.00000  0.000000  0.000000  0.000000
   18     2    180.00000  180.00000 210.00000  0.000000  0.000000  0.000000
   19     3    190.00000  180.00000 210.00000  0.000000  0.000000  0.000000
   20     4    190.00000  190.00000 210.00000  0.000000  0.000000  0.000000
   21     1    200.00000  190.00000 210.00000  0.000000  0.000000  0.000000
   22     2    200.00000  200.00000 210.00000  0.000000  0.000000  0.000000
   23     3    210.00000  200.00000 210.00000  0.000000  0.000000  0.000000
   24     4    210.00000  210.00000 210.00000  0.000000  0.000000  0.000000
   25     1    220.00000  210.00000 210.00000  0.000000  0.000000  0.000000
   26     2    220.00000  220.00000 210.00000  0.000000  0.000000  0.000000
   27     3    230.00000  220.00000 210.00000  0.000000  0.000000  0.000000
   28     4    230.00000  230.00000 210.00000  0.000000  0.000000  0.000000
   29     1    240.00000  230.00000 210.00000  0.000000  0.000000  0.000000
   30     2    240.00000  240.00000 210.00000  0.000000  0.000000  0.000000
   31     3    250.00000  240.00000 210.00000  0.000000  0.000000  0.000000
   32     4    250.00000  250.00000 210.00000  0.000000  0.000000  0.000000
   33     1    260.00000  250.00000 210.00000  0.000000  0.000000  0.000000
   34     2    260.00000  260.00000 210.00000  0.000000  0.000000  0.000000
   35     3    270.00000  260.00000 210.00000  0.000000  0.000000  0.000000
   36     4    270.00000  270.00000 210.00000  0.000000  0.000000  0.000000
   37     1    280.00000  270.00000 210.00000  0.000000  0.000000  0.000000
   38     2    280.00000  280.00000 210.00000  0.000000  0.000000  0.000000
   39     3    290.00000  280.00000 210.00000  0.000000  0.000000  0.000000
   40     4    290.00000  290.00000 210.00000  0.000000  0.000000  0.000000
   41     1    300.00000  290.00000 210.00000  0.000000  0.000000  0.000000
   42     2    300.00000  300.00000 210.00000  0.000000  0.000000  0.000000
   43     3    310.00000  300.00000 210.00000  0.000000  0.000000  0.000000
   44     4    310.00000  310.00000 210.00000  0.000000  0.000000  0.000000
   45     1    320.00000  310.00000 210.00000  0.000000  0.000000  0.000000
   46     2    320.00000  320.00000 210.00000  0.000000  0.000000  0.000000
   47     3    330.00000  320.00000 210.00000  0.000000  0.000000  0.000000
   48     4    330.00000  330.00000 210.00000  0.000000  0.000000  0.000000
   49     1   340.00000  330.00000 210.00000  0.000000  0.000000  0.000000
   50     2   340.00000  340.00000 210.00000  0.000000  0.000000  0.000000
   51     3   350.00000  340.00000 210.00000  0.000000  0.000000  0.000000
   52     4   350.00000  350.00000 210.00000  0.000000  0.000000  0.000000
   53     1   360.00000  350.00000 210.00000  0.000000  0.000000  0.000000
   54     2   360.00000  360.00000 210.00000  0.000000  0.000000  0.000000
   55     3   370.00000  360.00000 210.00000  0.000000  0.000000  0.000000
   56     4   370.00000  370.00000 210.00000  0.000000  0.000000  0.000000
   57     1   380.00000  370.00000 210.00000  0.000000  0.000000  0.000000
   58     2   380.00000  380.00000 210.00001  0.000000  0.000000  0.000000
   59     3   390.00000  380.00000 210.00000  1.000000  1.000000  0.000000
   60     4   390.00000  390.00000 210.00000  -1.000000  -1.000000  0.000000
I.LIST OF BONDS
1 2   	   
2 3   	 
3 4   	 
4 5   
5 6   
6 7   
7 8   
8 9   
9 10  
10 11 
11 12 
12 13 
13 14 
14 15 
15 16 
16 17 
17 18 
18 19 
19 20 
20 21 
21 22 
22 23 
23 24 
24 25 
25 26 
26 27 
27 28 
28 29 
29 30 
30 31 
31 32 
32 33 
33 34 
34 35 
35 36 
36 37 
37 38 
38 39 
39 40 
40 41 
41 42 
42 43 
43 44 
44 45 
45 46 
46 47 
47 48 
48 49 
49 50 
50 51 
51 52 
52 53 
53 54 
54 55 
55 56 
56 57 
57 58 
58 59 
59 60 
1  3  
2  4  
3  5  
4  6  
5  7  
6  8  
7  9  
8  10 
9  11 
10 12 
11 13 
12 14 
13 15 
14 16 
15 17 
16 18 
17 19 
18 20 
19 21 
20 22 
21 23 
22 24 
23 25 
24 26 
25 27 
26 28 
27 29 
28 30 
29 31 
30 32 
31 33 
32 34 
33 35 
34 36 
35 37 
36 38 
37 39 
38 40 
39 41 
40 42 
41 43 
42 44 
43 45 
44 46 
45 47 
46 48 
47 49 
48 50 
49 51 
50 52 
51 53 
52 54 
53 55 
54 56 
55 57 
56 58 
57 59 
58 60 
K.LIST OF PARAMETERS  
Average Mass 
Average Radius
Z-Average Mass
Z-Average Radius
