//(simulation time 1000000.150707)
//length of search table ( 342 current length)
A.SYSTEM SIZE
400.0000000 400.0000000 400.0000000
B.NUMBER OF ATOMS
60
C.TYPES OF ATOMS
//type,mass,ellastic radius,interaction radius
1 1.000000 4.900000 9.750000
2 1.000000 4.900000 9.750000
3 1.000000 4.900000 9.750000
4 1.000000 4.900000 9.750000
D.NON-ELASTIC COLLISIONS
//pair types, repulsive dist, interaction distance, energy
1 1 9.800000 15.000000 -1.000000 
2 1 9.800000 15.000000 -1.000000 
2 2 9.800000 15.000000 -1.000000 
3 1 9.800000 15.000000 -1.000000 
3 2 9.800000 15.000000 -1.000000 
3 3 9.800000 15.000000 -1.000000 
4 1 9.800000 15.000000 -1.000000 
4 2 9.800000 15.000000 -1.000000 
4 3 9.800000 15.000000 -1.000000 
4 4 9.800000 15.000000 -1.000000 
E.ELASTIC COLLISIONS
//pair types, repulsive dist
F.LINKED PAIRS
//pair types, repulsive dist, attractive distance
2 1 9.800000 10.200000 
3 1 13.800000 14.500000 
3 2 9.800000 10.200000 
4 1 9.800000 10.200000 
4 2 13.800000 14.500000 
4 3 9.800000 10.200000 
G.REACTIONS
//old1,old2,new1,new2,bond,radius energy
H.LIST OF ATOMS
//number, type, x, y, z, Vx, Vy, Vz
   1    1  249.0711646724167  245.8981970105878  235.8023186134158     0.981691    -0.000813     0.868624
   2    2  252.2222508105689  237.2264595639177  239.8040164849940    -0.161370    -1.491431    -0.230275
   3    3  248.3502245258560  232.5941657282852  231.6289247074768    -1.097513    -1.513242     1.393295
   4    4  239.5154144963589  236.6360883613150  233.0742144539827     0.851309     0.215411     0.596771
   5    1  236.2293765282872  232.8812728415853  224.5641666782703     0.923319    -0.231606     0.028990
   6    2  242.0888265124573  224.6725799198387  225.8295490477913     1.298484    -0.351288    -2.209013
   7    3  243.1279065623795  224.0283037630689  216.0835110701062    -0.046059    -0.910205     0.489341
   8    4  250.4260062002951  217.2393695394232  217.4422842553406    -0.841585    -0.946336     0.992610
   9    1  255.1328650219695  223.7278236509923  223.1924684896038    -2.001436    -1.165979    -1.000324
  10    2  261.5323455804408  225.5135891058020  215.9345849413562    -0.450646     1.149878     0.671832
  11    3  258.7175613025897  235.2465739251436  215.4101833761035    -0.341736     0.173000    -0.380020
  12    4  249.6448907764603  233.2416304200497  218.5551164286693    -1.202894    -0.681964    -1.532109
  13    1  250.2735772571654  240.4972568876411  225.6376055276812     0.187683     1.208601    -0.788410
  14    2  253.2531556440673  247.1192564821701  218.9023366200848    -0.403390    -0.633615    -0.182816
  15    3  247.5328274045431  253.9094624294456  223.1394845666519     0.487795    -0.797542     0.096694
  16    4  240.9103297480200  253.7620125637557  215.5812600209549     0.745876     1.953910     0.359843
  17    1  243.7422993512652  244.4385539023894  213.4105491829907    -0.617630     0.409113    -0.416632
  18    2  234.5584258928843  241.4747931636296  211.5271804702664    -0.673035    -0.050198    -2.432010
  19    3  231.6021748349372  245.0167769147226  220.2595829813789    -0.639921    -0.837017     0.156016
  20    4  240.8513787830682  245.9456764639150  223.4089280378382    -0.625396     1.058372     0.479773
  21    1  238.2583751603614  254.0080663154485  228.3616819458448     0.951961     0.878019    -0.113543
  22    2  228.4483594590568  252.6692268846611  226.3663172046650    -1.352062     1.087134    -0.603512
  23    3  228.8687071379948  259.1236840783429  218.8269539304599    -0.599449     0.141799     1.372181
  24    4  227.0699106515042  252.0565600928116  212.2770987130687    -0.357090    -0.763663    -0.376065
  25    1  234.4837332398767  255.5184969727250  206.7242595800644     0.195787     1.252326     0.367795
  26    2  236.0143975488334  246.6650027472253  202.7340136169647    -0.645077     0.155348    -0.776469
  27    3  245.5210955845824  248.7435870724528  200.9750603735103    -1.042761     0.802627     0.350392
  28    4  247.8895732731123  239.2104537290872  199.9999999999573     1.468451     0.230712     1.591382
  29    1  252.3263156989846  239.5824642718576  209.1613456658124    -0.183006     1.868145     0.755965
  30    2  252.3290642798015  229.6049611058874  209.4031538055424     1.448971    -0.808361     0.260611
  31    3  242.5577577083289  229.6641423968350  206.6090910855900     0.864478    -1.460342    -0.223490
  32    4  240.0651519538982  234.0424006670320  215.3348604681343    -1.094989     0.408023    -0.382933
  33    1  230.6140557139102  231.4470865875679  214.2759961836494     1.265839    -1.017038     1.950141
  34    2  233.2365597097343  221.9704756335363  215.9793522992188    -0.001942     2.112186     0.106981
  35    3  227.4824514177249  219.0821969781854  208.2865421627430    -0.011200    -0.326481     1.691580
  36    4  233.4815265746534  224.4440971770884  202.0745066853029    -0.284309     0.721464    -0.100593
  37    1  241.0408549997165  218.7557378856145  204.6880647916921     1.429077     1.284728     1.570253
  38    2  241.4366842298069  214.2145894948738  195.8541640273048     0.763908     0.039776    -0.757410
  39    3  251.2990910853733  216.5690288289300  195.2629151750904     0.759294     1.291639     0.406481
  40    4  250.9256061057612  221.0067576917001  203.9969295931508    -0.157447    -0.647238    -0.049922
  41    1  251.1743054664208  229.8239793062835  199.4393578023593     0.729402     0.826329    -1.042126
  42    2  249.0578167888635  225.2769769621352  190.7800987453935     0.279013     0.136912    -2.074715
  43    3  239.3616051288667  224.9166477589935  193.8402247594449    -0.880775    -0.417940     0.214332
  44    4  239.7321803908352  234.2657837492196  196.8613994547650     0.408833     0.006321     0.300305
  45    1  241.3980516789911  237.7253682691605  187.6861423569203    -0.645463    -1.373165     0.836549
  46    2  251.3504535316779  238.4855377895966  189.3521755635728    -0.706366     1.524462    -1.283853
  47    3  250.1708776206421  248.4160692127989  189.9209049568628     0.082854    -0.480881     0.766911
  48    4  240.3473056626870  246.5780345434035  191.7922672390333     0.461646     1.310709     0.329292
  49    1  239.0706813012485  256.4444204957369  192.0485875382467    -0.352951    -1.007247    -0.882568
  50    2  248.9513656460238  257.9481368443127  193.0818082567027     0.504531     0.536362     0.086566
  51    3  247.4359901285534  267.7883873090300  194.8324553848862    -0.499439    -0.526818    -1.398581
  52    4  240.0278935405023  265.4726100568510  200.9845583076058    -0.467297    -1.472801    -1.216135
  53    1  245.5321956560731  258.1946661545418  205.3662567415346     0.113104    -0.595863     0.051755
  54    2  253.3188986797928  264.2882248021721  205.6752026312502     0.662059    -0.365820     0.556984
  55    3  257.2597847023014  258.2742972702548  212.8180217251735    -0.113637    -0.287093    -1.159686
  56    4  250.9584721599367  250.9894744600838  209.8594582947882     0.812205    -1.221534     0.868923
  57    1  255.0022535447750  251.4846851210486  200.6496532040717     1.133243     1.351359     0.731147
  58    2  264.0094728591000  252.0056491817645  205.2515206567853    -0.627370    -1.533254     0.349539
  59    3  261.4398083026675  244.0684249601286  210.6853410533099    -1.149097     1.367573     0.229910
  60    4  262.2683142010858  238.1037656180391  202.6940126285291     0.463527    -1.585461    -0.266555
I.LIST OF BONDS
//number1,number2
   1    2
   1    3
   2    3
   2    4
   3    4
   3    5
   4    5
   4    6
   5    6
   5    7
   6    7
   6    8
   7    8
   7    9
   8    9
   8   10
   9   10
   9   11
  10   11
  10   12
  11   12
  11   13
  12   13
  12   14
  13   14
  13   15
  14   15
  14   16
  15   16
  15   17
  16   17
  16   18
  17   18
  17   19
  18   19
  18   20
  19   20
  19   21
  20   21
  20   22
  21   22
  21   23
  22   23
  22   24
  23   24
  23   25
  24   25
  24   26
  25   26
  25   27
  26   27
  26   28
  27   28
  27   29
  28   29
  28   30
  29   30
  29   31
  30   31
  30   32
  31   32
  31   33
  32   33
  32   34
  33   34
  33   35
  34   35
  34   36
  35   36
  35   37
  36   37
  36   38
  37   38
  37   39
  38   39
  38   40
  39   40
  39   41
  40   41
  40   42
  41   42
  41   43
  42   43
  42   44
  43   44
  43   45
  44   45
  44   46
  45   46
  45   47
  46   47
  46   48
  47   48
  47   49
  48   49
  48   50
  49   50
  49   51
  50   51
  50   52
  51   52
  51   53
  52   53
  52   54
  53   54
  53   55
  54   55
  54   56
  55   56
  55   57
  56   57
  56   58
  57   58
  57   59
  58   59
  58   60
  59   60
